0.0 99.996996996997 0.75
0.6006006006006006 99.996996996997 0.75
1.2012012012012012 99.996996996997 0.7499864224938545
1.8018018018018018 99.996996996997 0.7499868504951468
2.4024024024024024 99.996996996997 0.7499728181465054
3.003003003003003 99.996996996997 0.7499736748196381
3.6036036036036037 99.996996996997 0.7499591625309261
4.2042042042042045 99.996996996997 0.7499604491651106
4.804804804804805 99.996996996997 0.7499454311602457
5.405405405405405 99.996996996997 0.7499471496641258
6.006006006006006 99.996996996997 0.7499315994620951
6.606606606606607 99.996996996997 0.7499337523648729
7.207207207207207 99.996996996997 0.7499176427529223
7.807807807807808 99.996996996997 0.7499202332058397
8.408408408408409 99.996996996997 0.7499035362122745
9.00900900900901 99.996996996997 0.7499065679904477
9.60960960960961 99.996996996997 0.7498892548570488
10.21021021021021 99.996996996997 0.7498927323616545
10.81081081081081 99.996996996997 0.7498747735157092
11.411411411411411 99.996996996997 0.7498787017765177
12.012012012012011 99.996996996997 0.749860066802469
12.612612612612613 99.996996996997 0.7498644514807223
13.213213213213214 99.996996996997 0.7498451090914405
13.813813813813814 99.996996996997 0.7498499564830707
14.414414414414415 99.996996996997 0.7498298744907479
15.015015015015015 99.996996996997 0.7498351915299313
15.615615615615615 99.996996996997 0.749814336816605
16.216216216216218 99.996996996997 0.749820131079648
16.816816816816818 99.996996996997 0.7497984695673582
17.41741741741742 99.996996996997 0.7498047492769077
18.01801801801802 99.996996996997 0.749782245897491
18.61861861861862 99.996996996997 0.7497890199270663
19.21921921921922 99.996996996997 0.7497656385915948
19.81981981981982 99.996996996997 0.7497729164704314
20.42042042042042 99.996996996997 0.7497486200383014
21.02102102102102 99.996996996997 0.7497564119565009
21.62162162162162 99.996996996997 0.749731162204179
22.22222222222222 99.996996996997 0.7497394790181597
22.822822822822822 99.996996996997 0.7497132366075938
23.423423423423422 99.996996996997 0.7497220898458313
24.024024024024023 99.996996996997 0.749694814292535
24.624624624624627 99.996996996997 0.7497042161615853
25.225225225225227 99.996996996997 0.7496758658024059
25.825825825825827 99.996996996997 0.7496858291932019
26.426426426426428 99.996996996997 0.74965636115378
27.027027027027028 99.996996996997 0.7496668996481924
27.62762762762763 99.996996996997 0.7496362698101257
28.22822822822823 99.996996996997 0.749647397687778
28.82882882882883 99.996996996997 0.7496155606554995
29.42942942942943 99.996996996997 0.7496272929008255
30.03003003003003 99.996996996997 0.7495942019682097
30.63063063063063 99.996996996997 0.7496065542777435
31.23123123123123 99.996996996997 0.749572161394453
31.83183183183183 99.996996996997 0.7495851501843387
32.432432432432435 99.996996996997 0.7495494059219254
33.033033033033036 99.996996996997 0.749563048335635
33.633633633633636 99.996996996997 0.749525901853411
34.234234234234236 99.996996996997 0.749540215769657
34.83483483483484 99.996996996997 0.7495016147803504
35.43543543543544 99.996996996997 0.7495166188211798
36.03603603603604 99.996996996997 0.7494765095563938
36.63663663663664 99.996996996997 0.7494922230954489
37.23723723723724 99.996996996997 0.7494505502709394
37.83783783783784 99.996996996997 0.7494669934418717
38.43843843843844 99.996996996997 0.7494237002226646
39.03903903903904 99.996996996997 0.7494408939276836
39.63963963963964 99.996996996997 0.7493959218930499
40.24024024024024 99.996996996997 0.7494138878115953
40.84084084084084 99.996996996997 0.7493671769199041
41.44144144144144 99.996996996997 0.7493859375174208
42.04204204204204 99.996996996997 0.7493374260708922
42.64264264264264 99.996996996997 0.7493570046076927
43.24324324324324 99.996996996997 0.7493066292170747
43.84384384384384 99.996996996997 0.7493270497572699
44.44444444444444 99.996996996997 0.7492747453064602
45.04504504504504 99.996996996997 0.7492960327269408
45.645645645645644 99.996996996997 0.7492417323375791
46.246246246246244 99.996996996997 0.7492639123370283
46.846846846846844 99.996996996997 0.749207547333085
47.447447447447445 99.996996996997 0.7492306464410018
48.048048048048045 99.996996996997 0.749172146313389
48.64864864864865 99.996996996997 0.749196191899103
49.24924924924925 99.996996996997 0.7491354842703354
49.84984984984985 99.996996996997 0.7491605045519891
50.450450450450454 99.996996996997 0.7490975151409239
51.051051051051054 99.996996996997 0.7491235391944033
51.651651651651655 99.996996996997 0.7490581917810883
52.252252252252255 99.996996996997 0.7490852495488771
52.852852852852855 99.996996996997 0.7490174659395372
53.453453453453456 99.996996996997 0.7490455882394731
54.054054054054056 99.996996996997 0.748975288231667
54.65465465465466 99.996996996997 0.7490045067655741
55.25525525525526 99.996996996997 0.7489316081135549
55.85585585585586 99.996996996997 0.7489619554757277
56.45645645645646 99.996996996997 0.7488863738560392
57.05705705705706 99.996996996997 0.7489178835415549
57.65765765765766 99.996996996997 0.7488395325189
58.25825825825826 99.996996996997 0.748872238931729
58.85885885885886 99.996996996997 0.7487910299251448
59.45945945945946 99.996996996997 0.748824968386036
60.06006006006006 99.996996996997 0.7487408106354128
60.66066066066066 99.996996996997 0.7487760173895244
61.26126126126126 99.996996996997 0.7486888179225054
61.86186186186186 99.996996996997 0.7487253301467528
62.46246246246246 99.996996996997 0.7486349937460545
63.06306306306306 99.996996996997 0.7486728495561469
63.66366366366366 99.996996996997 0.7485792787273383
64.26426426426427 99.996996996997 0.7486185171844735
64.86486486486487 99.996996996997 0.7485216121242559
65.46546546546547 99.996996996997 0.7485622732414431
66.06606606606607 99.996996996997 0.748461931806471
66.66666666666667 99.996996996997 0.7485040565544512
67.26726726726727 99.996996996997 0.7484001742307362
67.86786786786787 99.996996996997 0.748443804543467
68.46846846846847 99.996996996997 0.74833627441641
69.06906906906907 99.996996996997 0.7483814531960832
69.66966966966967 99.996996996997 0.7482701659211763
70.27027027027027 99.996996996997 0.7483169370427347
70.87087087087087 99.996996996997 0.7482017808169796
71.47147147147147 99.996996996997 0.7482501891320995
72.07207207207207 99.996996996997 0.7481310496661868
72.67267267267268 99.996996996997 0.7481811410066909
73.27327327327328 99.996996996997 0.7480579014979881
73.87387387387388 99.996996996997 0.7481097226786552
74.47447447447448 99.996996996997 0.7479822637850487
75.07507507507508 99.996996996997 0.7480358626057827
75.67567567567568 99.996996996997 0.7479040624204238
76.27627627627628 99.996996996997 0.7479594876677458
76.87687687687688 99.996996996997 0.7478232216947479
77.47747747747748 99.996996996997 0.7478805231425766
78.07807807807808 99.996996996997 0.7477396642737127
78.67867867867868 99.996996996997 0.7477988926833922
79.27927927927928 99.996996996997 0.7476533111758441
79.87987987987988 99.996996996997 0.7477145182953835
80.48048048048048 99.996996996997 0.7475640817505909
81.08108108108108 99.996996996997 0.7476273203130762
81.68168168168168 99.996996996997 0.7474718936567383
82.28228228228228 99.996996996997 0.7475372173778781
82.88288288288288 99.996996996997 0.7473766628411578
83.48348348348348 99.996996996997 0.7474441264159217
84.08408408408408 99.996996996997 0.7472783035179053
84.68468468468468 99.996996996997 0.7473479626162167
85.28528528528528 99.996996996997 0.7471767281476812
85.88588588588588 99.996996996997 0.7472486394091226
86.48648648648648 99.996996996997 0.7470718474176617
87.08708708708708 99.996996996997 0.747146068445153
87.68768768768768 99.996996996997 0.7469635702217164
88.28828828828829 99.996996996997 0.7470401595741238
88.88888888888889 99.996996996997 0.7468518036410219
89.48948948948949 99.996996996997 0.7469308208246571
90.09009009009009 99.996996996997 0.7467364529250835
90.69069069069069 99.996996996997 0.7468179583840501
91.29129129129129 99.996996996997 0.7466174214731777
91.89189189189189 99.996996996997 0.7467014765785234
92.49249249249249 99.996996996997 0.7464946108162251
93.09309309309309 99.996996996997 0.7465812778538577
93.69369369369369 99.996996996997 0.7463679205991064
94.29429429429429 99.996996996997 0.7464572627564307
94.89489489489489 99.996996996997 0.7462372485634309
95.49549549549549 99.996996996997 0.7463293299146645
96.09609609609609 99.996996996997 0.7461024905307703
96.6966966966967 99.996996996997 0.7461973760208962
97.2972972972973 99.996996996997 0.7459635403863666
97.8978978978979 99.996996996997 0.746061295813678
98.4984984984985 99.996996996997 0.7458202900633256
99.0990990990991 99.996996996997 0.7459209820605227
99.6996996996997 99.996996996997 0.7456726295273041
100.30030030030031 99.996996996997 0.7457763255410998
100.90090090090091 99.996996996997 0.7455204467617037
101.50150150150151 99.996996996997 0.7456272150308949
102.10210210210211 99.996996996997 0.7453636277533775
102.70270270270271 99.996996996997 0.7454735372853415
103.30330330330331 99.996996996997 0.7452020564788613
103.90390390390391 99.996996996997 0.745315177024435
104.50450450450451 99.996996996997 0.745035614891137
105.10510510510511 99.996996996997 0.7451520169178367
105.70570570570571 99.996996996997 0.7448641829069371
106.30630630630631 99.996996996997 0.7449839375704792
106.90690690690691 99.996996996997 0.7446876383945982
107.50750750750751 99.996996996997 0.7448108175086795
108.10810810810811 99.996996996997 0.7445058571624725
108.70870870870871 99.996996996997 0.744632533166771
109.30930930930931 99.996996996997 0.7443187129479059
109.90990990990991 99.996996996997 0.7444489588742599
110.51051051051051 99.996996996997 0.7441260774067848
111.11111111111111 99.996996996997 0.7442599668435173
111.71171171171171 99.996996996997 0.743927820103668
112.31231231231232 99.996996996997 0.7440654271580117
112.91291291291292 99.996996996997 0.743723808502501
113.51351351351352 99.996996996997 0.7438652077610924
114.11411411411412 99.996996996997 0.7435139079579256
114.71471471471472 99.996996996997 0.7436591744453295
115.31531531531532 99.996996996997 0.7432979817071889
115.91591591591592 99.996996996997 0.7434471908424183
116.51651651651652 99.996996996997 0.7430758908626578
117.11711711711712 99.996996996997 0.743229118413656
117.71771771771772 99.996996996997 0.7428474944049445
118.31831831831832 99.996996996997 0.7430048164409961
118.91891891891892 99.996996996997 0.7426126491766492
119.51951951951952 99.996996996997 0.7427741420186885
120.12012012012012 99.996996996997 0.7423712098767252
120.72072072072072 99.996996996997 0.7425369500455128
121.32132132132132 99.996996996997 0.7421230290554712
121.92192192192192 99.996996996997 0.7422930932176084
122.52252252252252 99.996996996997 0.7418679571101555
123.12312312312312 99.996996996997 0.7420424220219108
123.72372372372372 99.996996996997 0.7416058422812782
124.32432432432432 99.996996996997 0.7417847847302
124.92492492492492 99.996996996997 0.7413365306494742
125.52552552552552 99.996996996997 0.7415200273937654
126.12612612612612 99.996996996997 0.7410598661330629
126.72672672672672 99.996996996997 0.741247993838697
127.32732732732732 99.996996996997 0.7407756904862479
127.92792792792793 99.996996996997 0.7409685256618055
128.52852852852854 99.996996996997 0.7404838432979739
129.12912912912913 99.996996996997 0.7406814622271809
129.72972972972974 99.996996996997 0.7401841619914407
130.33033033033033 99.996996996997 0.7403866406633944
130.93093093093094 99.996996996997 0.7398764818242825
131.53153153153153 99.996996996997 0.740083895861352
132.13213213213214 99.996996996997 0.739560635889416
132.73273273273273 99.996996996997 0.7397730604728036
133.33333333333334 99.996996996997 0.7392364551165613
133.93393393393393 99.996996996997 0.7394539649095188
134.53453453453454 99.996996996997 0.7389037682744413
135.13513513513513 99.996996996997 0.7391264373431332
135.73573573573574 99.996996996997 0.7385624019736632
136.33633633633633 99.996996996997 0.7387903037056758
136.93693693693695 99.996996996997 0.7382121806702913
137.53753753753753 99.996996996997 0.7384453876907835
138.13813813813815 99.996996996997 0.7378529266701097
138.73873873873873 99.996996996997 0.738091510755612
139.33933933933935 99.996996996997 0.7374844601335897
139.93993993993993 99.996996996997 0.737728492123453
140.54054054054055 99.996996996997 0.7371065990815595
141.14114114114113 99.996996996997 0.7373561487870661
141.74174174174175 99.996996996997 0.7367191594015913
142.34234234234233 99.996996996997 0.7369742955127355
142.94294294294295 99.996996996997 0.7363219548551072
143.54354354354354 99.996996996997 0.7365827448450638
144.14414414414415 99.996996996997 0.7359147970852151
144.74474474474474 99.996996996997 0.7361813071125126
145.34534534534535 99.996996996997 0.7354974956252822
145.94594594594594 99.996996996997 0.7357697904337048
146.54654654654655 99.996996996997 0.7350698579082582
147.14714714714714 99.996996996997 0.7353480007244997
147.74774774774775 99.996996996997 0.7346316892767544
148.34834834834834 99.996996996997 0.7349157417058555
148.94894894894895 99.996996996997 0.7341827929938939
149.54954954954954 99.996996996997 0.7344728149124964
150.15015015015015 99.996996996997 0.7337229702549438
150.75075075075074 99.996996996997 0.7340190197023985
151.35135135135135 99.996996996997 0.7332520201997433
151.95195195195194 99.996996996997 0.7335541532671137
152.55255255255256 99.996996996997 0.7327697399259429
153.15315315315314 99.996996996997 0.7330780106429501
153.75375375375376 99.996996996997 0.7322759245030682
154.35435435435437 99.996996996997 0.7325903847230287
154.95495495495496 99.996996996997 0.7317703669874304
155.55555555555557 99.996996996997 0.7320910662702402
156.15615615615616 99.996996996997 0.7312528584378971
156.75675675675677 99.996996996997 0.7315798439311224
157.35735735735736 99.996996996997 0.7307231879325489
157.95795795795797 99.996996996997 0.7310565042506867
158.55855855855856 99.996996996997 0.7301811425862389
159.15915915915917 99.996996996997 0.7305208316882165
159.75975975975976 99.996996996997 0.7296265075690836
160.36036036036037 99.996996996997 0.7299726086340717
160.96096096096096 99.996996996997 0.7290590661259073
161.56156156156158 99.996996996997 0.729411615427524
162.16216216216216 99.996996996997 0.7284785995966702
162.76276276276278 99.996996996997 0.7288376303756613
163.36336336336336 99.996996996997 0.7278848874379079
163.96396396396398 99.996996996997 0.7282504297733917
164.56456456456456 99.996996996997 0.7272777072452176
165.16516516516518 99.996996996997 0.7276497879245878
165.76576576576576 99.996996996997 0.7266568347768212
166.36636636636638 99.996996996997 0.7270354771644096
166.96696696696696 99.996996996997 0.7260220439782454
167.56756756756758 99.996996996997 0.7264072678828485
168.16816816816817 99.996996996997 0.7253731070081567
168.76876876876878 99.996996996997 0.7257649285495369
169.36936936936937 99.996996996997 0.724709794265393
169.96996996996998 99.996996996997 0.7251082257398721
170.57057057057057 99.996996996997 0.7240318744172387
171.17117117117118 99.996996996997 0.7244369241625052
171.77177177177177 99.996996996997 0.7233391144289899
172.37237237237238 99.996996996997 0.7237507866882472
172.97297297297297 99.996996996997 0.7226312795948588
173.57357357357358 99.996996996997 0.7230495743804515
174.17417417417417 99.996996996997 0.721908133570275
174.77477477477478 99.996996996997 0.7223330465269298
175.37537537537537 99.996996996997 0.7211694384056387
175.97597597597598 99.996996996997 0.7216009606734693
176.57657657657657 99.996996996997 0.7204149545815879
177.17717717717719 99.996996996997 0.7208530726590144
177.77777777777777 99.996996996997 0.7196444410458438
178.3783783783784 99.996996996997 0.7200891366525857
178.97897897897897 99.996996996997 0.7188576552517019
179.5795795795796 99.996996996997 0.7193089051920096
180.18018018018017 99.996996996997 0.7180543531982437
180.7807807807808 99.996996996997 0.71851212922454
181.38138138138137 99.996996996997 0.7172342894723422
181.981981981982 99.996996996997 0.7176985581494509
182.58258258258257 99.996996996997 0.7163972172925439
183.1831831831832 99.996996996997 0.7168679398626899
183.78378378378378 99.996996996997 0.7155428885549104
184.3843843843844 99.996996996997 0.7160200208036833
184.98498498498498 99.996996996997 0.7146710538809117
185.5855855855856 99.996996996997 0.7151545460043867
186.18618618618618 99.996996996997 0.7137814626674606
186.7867867867868 99.996996996997 0.7142712591406841
187.38738738738738 99.996996996997 0.7128738631391933
187.987987987988 99.996996996997 0.7133699025862411
188.58858858858858 99.996996996997 0.7119480024030929
189.1891891891892 99.996996996997 0.7124502174689182
189.78978978978978 99.996996996997 0.7110036265055694
190.3903903903904 99.996996996997 0.7115119437298656
190.99099099099098 99.996996996997 0.7100404804921085
191.5915915915916 99.996996996997 0.7105548201854154
192.19219219219218 99.996996996997 0.7090583084696077
192.7927927927928 99.996996996997 0.7095785845918984
193.3933933933934 99.996996996997 0.7080568536715262
193.993993993994 99.996996996997 0.708582973713518
194.5945945945946 99.996996996997 0.7070358585259762
195.1951951951952 99.996996996997 0.7075677233934157
195.7957957957958 99.996996996997 0.7059950647268951
196.3963963963964 99.996996996997 0.7065325686280738
196.996996996997 99.996996996997 0.7049342133084369
197.5975975975976 99.996996996997 0.7054772436452005
198.1981981981982 99.996996996997 0.7038530447227334
198.7987987987988 99.996996996997 0.7044014819852543
199.3993993993994 99.996996996997 0.7027512989211782
200.0 99.996996996997 0.7033050165867669
200.60060060060061 99.996996996997 0.7016287154393922
201.2012012012012 99.996996996997 0.70218757987563
201.80180180180182 99.996996996997 0.7004850334860407
202.4024024024024 99.996996996997 0.7010489038585209
203.00300300300302 99.996996996997 0.699319992035671
203.6036036036036 99.996996996997 0.6998887202206456
204.20420420420422 99.996996996997 0.698133329925751
204.8048048048048 99.996996996997 0.698706760427982
205.40540540540542 99.996996996997 0.6969247859580966
206.006006006006 99.996996996997 0.6975027558342177
206.60660660660662 99.996996996997 0.6956940990048789
207.2072072072072 99.996996996997 0.6962764377925791
207.80780780780782 99.996996996997 0.6944410081194072
208.4084084084084 99.996996996997 0.695027537772757
209.00900900900902 99.996996996997 0.6931652526518998
209.6096096096096 99.996996996997 0.6937557874831394
210.21021021021022 99.996996996997 0.6918665723704479
210.8108108108108 99.996996996997 0.692460918998568
211.41141141141142 99.996996996997 0.690544707587398
212.012012012012 99.996996996997 0.6911426648938437
212.61261261261262 99.996996996997 0.6891993992913724
213.2132132132132 99.996996996997 0.6898007583832093
213.81381381381382 99.996996996997 0.6878303892851632
214.4144144144144 99.996996996997 0.6884349334660477
215.01501501501502 99.996996996997 0.6864374203297375
215.6156156156156 99.996996996997 0.6870449250790358
216.21621621621622 99.996996996997 0.6850202362945981
216.8168168168168 99.996996996997 0.6856304692550031
217.41741741741743 99.996996996997 0.6835785823147481
218.018018018018 99.996996996997 0.6841913032887503
218.61861861861863 99.996996996997 0.6821122049545219
219.2192192192192 99.996996996997 0.6827271659100848
219.81981981981983 99.996996996997 0.6806208523785373
220.4204204204204 99.996996996997 0.6812377974643394
221.02102102102103 99.996996996997 0.6791042745300424
221.6216216216216 99.996996996997 0.6797229401006446
222.22222222222223 99.996996996997 0.677562223316927
222.82282282282281 99.996996996997 0.6781823379682259
223.42342342342343 99.996996996997 0.6759944528056763
224.02402402402402 99.996996996997 0.6766157374210079
224.62462462462463 99.996996996997 0.6744007194235501
225.22522522522522 99.996996996997 0.6750228872308031
225.82582582582583 99.996996996997 0.6727807821692696
226.42642642642642 99.996996996997 0.673403538809376
227.02702702702703 99.996996996997 0.6711344028325054
227.62762762762762 99.996996996997 0.6717574464396635
228.22822822822823 99.996996996997 0.669461346222453
228.82882882882882 99.996996996997 0.6700843675164486
229.42942942942943 99.996996996997 0.6677613804057934
230.03003003003002 99.996996996997 0.6683840627967711
230.63063063063063 99.996996996997 0.6660342769543298
231.23123123123125 99.996996996997 0.6666562966603722
231.83183183183183 99.996996996997 0.6642798112025989
232.43243243243245 99.996996996997 0.6649008373804588
233.03303303303304 99.996996996997 0.6624977625157467
233.63363363363365 99.996996996997 0.6631174574050814
234.23423423423424 99.996996996997 0.6606879145679657
234.83483483483485 99.996996996997 0.6613059336494082
235.43543543543544 99.996996996997 0.6588500556317812
236.03603603603605 99.996996996997 0.659466047799179
236.63663663663664 99.996996996997 0.6569839788784728
237.23723723723725 99.996996996997 0.6575975866256186
237.83783783783784 99.996996996997 0.6550894826899133
238.43843843843845 99.996996996997 0.6557003423120775
239.03903903903904 99.996996996997 0.6531663709820975
239.63963963963965 99.996996996997 0.6537741127926664
240.24024024024024 99.996996996997 0.6512144535406278
240.84084084084085 99.996996996997 0.6518187021031349
241.44144144144144 99.996996996997 0.6492335463684136
242.04204204204206 99.996996996997 0.6498339207442395
242.64264264264264 99.996996996997 0.6472234720458255
243.24324324324326 99.996996996997 0.6478195860578286
243.84384384384384 99.996996996997 0.6451840601035391
244.44444444444446 99.996996996997 0.6457755226158579
245.04504504504504 99.996996996997 0.6431151474082792
245.64564564564566 99.996996996997 0.6437015626225325
246.24624624624624 99.996996996997 0.6410165785616657
246.84684684684686 99.996996996997 0.6415975463297537
247.44744744744744 99.996996996997 0.6388882063123319
248.04804804804806 99.996996996997 0.6394633224660218
248.64864864864865 99.996996996997 0.6367298919814754
249.24924924924926 99.996996996997 0.6372987486789281
249.84984984984985 99.996996996997 0.6345415059019635
250.45045045045046 99.996996996997 0.6351036919913352
251.05105105105105 99.996996996997 0.6323229278710957
251.65165165165166 99.996996996997 0.632878029271316
252.25225225225225 99.996996996997 0.6300740476170907
252.85285285285286 99.996996996997 0.6306216477158926
253.45345345345345 99.996996996997 0.6277947652793308
254.05405405405406 99.996996996997 0.6283344453485715
254.65465465465465 99.996996996997 0.6254849919023574
255.25525525525526 99.996996996997 0.6260163315306376
255.85585585585585 99.996996996997 0.6231446499435741
256.45645645645646 99.996996996997 0.623667227486122
257.0570570570571 99.996996996997 0.6207736737945629
257.65765765765764 99.996996996997 0.6212870668403119
258.25825825825825 99.996996996997 0.6183720103158729
258.85885885885887 99.996996996997 0.6188757961716191
259.4594594594595 99.996996996997 0.6159396193850879
260.06006006006004 99.996996996997 0.6164333755765687
260.66066066066065 99.996996996997 0.6134764744579227
261.26126126126127 99.996996996997 0.6139597792476073
261.8618618618619 99.996996996997 0.6109825631420318
262.46246246246244 99.996996996997 0.6114549960633667
263.06306306306305 99.996996996997 0.6084578877831536
263.66366366366367 99.996996996997 0.6089190301909547
264.2642642642643 99.996996996997 0.6059024660631415
264.86486486486484 99.996996996997 0.6063519016997605
265.46546546546546 99.996996996997 0.6033163316093555
266.06606606606607 99.996996996997 0.6037536471861976
266.6666666666667 99.996996996997 0.6006995346148079
267.26726726726724 99.996996996997 0.601124320408713
267.86786786786786 99.996996996997 0.5980521424683793
268.4684684684685 99.996996996997 0.5984639929323118
269.0690690690691 99.996996996997 0.5953742403943197
269.6696696696697 99.996996996997 0.595772754781749
270.27027027027026 99.996996996997 0.5926659321001664
270.8708708708709 99.996996996997 0.5930507151024456
271.4714714714715 99.996996996997 0.5899273404321037
272.0720720720721 99.996996996997 0.590298002828086
272.67267267267266 99.996996996997 0.5871586080366905
273.2732732732733 99.996996996997 0.5875147673537419
273.8738738738739 99.996996996997 0.5843598980277704
274.4744744744745 99.996996996997 0.5847011792132645
275.07507507507506 99.996996996997 0.5815313946572667
275.6756756756757 99.996996996997 0.5818574307595649
276.2762762762763 99.996996996997 0.5786733039884504
276.8768768768769 99.996996996997 0.5789837368462867
277.47747747747746 99.996996996997 0.5757858545701439
278.0780780780781 99.996996996997 0.5760803355092531
278.6786786786787 99.996996996997 0.5728692981102003
279.2792792792793 99.996996996997 0.573147488645941
279.87987987987987 99.996996996997 0.569923910146472
280.4804804804805 99.996996996997 0.5701854826911061
281.0810810810811 99.996996996997 0.5669499907133472
281.6816816816817 99.996996996997 0.5671946292865521
282.28228228228227 99.996996996997 0.5639478650018028
282.8828828828829 99.996996996997 0.5641752659429038
283.4834834834835 99.996996996997 0.5609178840107854
284.0840840840841 99.996996996997 0.561127756691103
284.68468468468467 99.996996996997 0.5578604251875969
285.2852852852853 99.996996996997 0.5580524927212164
285.8858858858859 99.996996996997 0.5547758930548214
286.4864864864865 99.996996996997 0.5549498930060035
287.08708708708707 99.996996996997 0.5516647198211978
287.6876876876877 99.996996996997 0.5518204049065606
288.2882882882883 99.996996996997 0.5485273659737028
288.8888888888889 99.996996996997 0.5486645047572207
289.4894894894895 99.996996996997 0.5453643208479819
290.0900900900901 99.996996996997 0.5454826984267591
290.6906906906907 99.996996996997 0.5421761031741287
291.2912912912913 99.996996996997 0.5422755218528296
291.8918918918919 99.996996996997 0.5389632615946942
292.4924924924925 99.996996996997 0.539043541546432
293.0930930930931 99.996996996997 0.5357263751516872
293.6936936936937 99.996996996997 0.535787355063099
294.2942942942943 99.996996996997 0.5324660537392085
294.8948948948949 99.996996996997 0.5325075914373811
295.4954954954955 99.996996996997 0.5291829385182689
296.0960960960961 99.996996996997 0.5292049115771125
296.6966966966967 99.996996996997 0.5258777022902364
297.2972972972973 99.996996996997 0.525880008613852
297.8978978978979 99.996996996997 0.5225510498252813
298.4984984984985 99.996996996997 0.5225336082058198
299.0990990990991 99.996996996997 0.5192037181421183
299.6996996996997 99.996996996997 0.5191664687895888
300.3003003003003 99.996996996997 0.5158364767352862
300.9009009009009 99.996996996997 0.5157793817767454
301.5015015015015 99.996996996997 0.5124501277461752
302.1021021021021 99.996996996997 0.5123731716917048
302.7027027027027 99.996996996997 0.5090455060739805
303.3033033033033 99.996996996997 0.5089486962468613
303.9039039039039 99.996996996997 0.5056234794227742
304.5045045045045 99.996996996997 0.505506846351261
305.1051051051051 99.996996996997 0.5021849482808952
305.7057057057057 99.996996996997 0.5020485460490216
306.3063063063063 99.996996996997 0.4987308458289129
306.9069069069069 99.996996996997 0.4985747523837834
307.5075075075075 99.996996996997 0.4952621377724823
308.1081081081081 99.996996996997 0.4950864551855565
308.70870870870874 99.996996996997 0.4917798220965053
309.3093093093093 99.996996996997 0.49158467677644535
309.9099099099099 99.996996996997 0.48828492873714013
310.5105105105105 99.996996996997 0.4880704715918657
311.11111111111114 99.996996996997 0.4847785191683479
311.7117117117117 99.996996996997 0.48454492571404345
312.3123123123123 99.996996996997 0.4812616858998528
312.91291291291293 99.996996996997 0.48100915631478414
313.51351351351354 99.996996996997 0.4777355518836033
314.1141141141141 99.996996996997 0.47746431100473086
314.7147147147147 99.996996996997 0.4742012698260701
315.31531531531533 99.996996996997 0.4739115670865967
315.91591591591595 99.996996996997 0.4706600214039938
316.5165165165165 99.996996996997 0.47035213071015325
317.1171171171171 99.996996996997 0.4671130163815083
317.71771771771773 99.996996996997 0.46678723592708743
318.31831831831835 99.996996996997 0.4635614916269084
318.9189189189189 99.996996996997 0.46321814364419894
319.5195195195195 99.996996996997 0.4600067100277099
320.12012012012013 99.996996996997 0.45964614047381014
320.72072072072075 99.996996996997 0.45644995930305715
321.3213213213213 99.996996996997 0.4560725374806831
321.9219219219219 99.996996996997 0.4528925507129732
322.52252252252254 99.996996996997 0.45249866882519557
323.12312312312315 99.996996996997 0.44933581766441827
323.7237237237237 99.996996996997 0.4489258903030144
324.3243243243243 99.996996996997 0.44578111421461736
324.92492492492494 99.996996996997 0.44535557778201357
325.52552552552555 99.996996996997 0.4422298134726419
326.1261261261261 99.996996996997 0.4417891255377239
326.7267267267267 99.996996996997 0.4386833059007746
327.32732732732734 99.996996996997 0.4382279444891538
327.92792792792795 99.996996996997 0.43514299751775265
328.5285285285285 99.996996996997 0.4346734603374009
329.1291291291291 99.996996996997 0.43161030800656613
329.72972972972974 99.996996996997 0.43112711161005907
330.33033033033036 99.996996996997 0.428086668730083
330.9309309309309 99.996996996997 0.4275903476150318
331.5315315315315 99.996996996997 0.424573520658375
332.13213213213214 99.996996996997 0.4240646263079636
332.73273273273276 99.996996996997 0.4210723122122272
333.3333333333333 99.996996996997 0.4205514120781163
333.93393393393393 99.996996996997 0.4175844970279194
334.53453453453454 99.996996996997 0.41705217345811435
335.13513513513516 99.996996996997 0.4141115316489704
335.7357357357357 99.996996996997 0.41356838076358976
336.33633633633633 99.996996996997 0.4106548731511232
336.93693693693695 99.996996996997 0.41010150366933185
337.53753753753756 99.996996996997 0.407215976707427
338.1381381381381 99.996996996997 0.40665300872911486
338.73873873873873 99.996996996997 0.4037962931008197
339.33933933933935 99.996996996997 0.4032243568469161
339.93993993993996 99.996996996997 0.4003972661921412
340.5405405405405 99.996996996997 0.39981700070774145
341.14114114114113 99.996996996997 0.3970203303519973
341.74174174174175 99.996996996997 0.396432382176753
342.34234234234236 99.996996996997 0.39366690786534575
342.9429429429429 99.996996996997 0.39307192967581717
343.54354354354354 99.996996996997 0.39033840631808725
344.14414414414415 99.996996996997 0.3897370555469829
344.74474474474476 99.996996996997 0.38703621597529675
345.3453453453453 99.996996996997 0.3864291534127255
345.94594594594594 99.996996996997 0.3837617071610433
346.54654654654655 99.996996996997 0.3831495955430705
347.14714714714717 99.996996996997 0.3805162276499849
347.7477477477478 99.996996996997 0.3798997302399265
348.34834834834834 99.996996996997 0.3773011000811169
348.94894894894895 99.996996996997 0.37668087924910626
349.54954954954957 99.996996996997 0.3741176194041626
350.1501501501502 99.996996996997 0.37349433521059894
350.75075075075074 99.996996996997 0.37096705036915223
351.35135135135135 99.996996996997 0.37034135915766975
351.95195195195197 99.996996996997 0.3678506250697085
352.5525525525526 99.996996996997 0.367223178075305
353.15315315315314 99.996996996997 0.36476954055046734
353.75375375375376 99.996996996997 0.3641409825283887
354.35435435435437 99.996996996997 0.3617249564888937
354.954954954955 99.996996996997 0.3610959243697914
355.55555555555554 99.996996996997 0.35871799296151213
356.15615615615616 99.996996996997 0.35808911453827574
356.7567567567568 99.996996996997 0.3557497283042588
357.3573573573574 99.996996996997 0.3551216209557703
357.95795795795794 99.996996996997 0.3528211970762785
358.55855855855856 99.996996996997 0.3521944665331445
359.1591591591592 99.996996996997 0.34993338813603486
359.7597597597598 99.996996996997 0.3493086272931307
360.36036036036035 99.996996996997 0.34708724283808723
360.96096096096096 99.996996996997 0.34646503061848366
361.5615615615616 99.996996996997 0.34428365335830285
362.1621621621622 99.996996996997 0.34366455363286197
362.76276276276275 99.996996996997 0.3415234611546375
363.36336336336336 99.996996996997 0.3409080217212418
363.963963963964 99.996996996997 0.3388074555699246
364.5645645645646 99.996996996997 0.33819620719596283
365.16516516516515 99.996996996997 0.3361363725823783
365.76576576576576 99.996996996997 0.3355298281137406
366.3663663663664 99.996996996997 0.33351089370873427
366.966966966967 99.996996996997 0.33290954724818567
367.56756756756755 99.996996996997 0.33093164506414185
368.16816816816817 99.996996996997 0.3303359712215368
368.7687687687688 99.996996996997 0.3283991965820812
369.3693693693694 99.996996996997 0.32780964979846766
369.96996996996995 99.996996996997 0.32591406139671997
370.57057057057057 99.996996996997 0.32533107534395517
371.1711711711712 99.996996996997 0.3234766953892523
371.7717717717718 99.996996996997 0.32290068244632136
372.37237237237235 99.996996996997 0.32108749689888805
372.97297297297297 99.996996996997 0.32051884770568356
373.5735735735736 99.996996996997 0.318746806598284
374.1741741741742 99.996996996997 0.31818588968717476
374.77477477477476 99.996996996997 0.3164549075323467
375.37537537537537 99.996996996997 0.31590206903743884
375.975975975976 99.996996996997 0.31421202531849
376.5765765765766 99.996996996997 0.31366758876206585
377.17717717717716 99.996996996997 0.31201832850560796
377.77777777777777 99.996996996997 0.3114825946608263
378.3783783783784 99.996996996997 0.3098739290882294
378.978978978979 99.996996996997 0.3093471759167817
379.57957957957956 99.996996996997 0.3077788831715701
380.1801801801802 99.996996996997 0.30726136583461733
380.7807807807808 99.996996996997 0.3057331917824795
381.3813813813814 99.996996996997 0.30522514272284584
381.98198198198196 99.996996996997 0.30373680182061835
382.5825825825826 99.996996996997 0.3032384309138928
383.1831831831832 99.996996996997 0.3017896071435869
383.7837837837838 99.996996996997 0.3013011019154818
384.38438438438436 99.996996996997 0.2998914497791643
384.984984984985 99.996996996997 0.2994129756862109
385.5855855855856 99.996996996997 0.2980421212573233
386.1861861861862 99.996996996997 0.2975738220277348
386.7867867867868 99.996996996997 0.2962413640542402
387.3873873873874 99.996996996997 0.295783362085563
387.987987987988 99.996996996997 0.29448887314014977
388.5885885885886 99.996996996997 0.2940412699501338
389.1891891891892 99.996996996997 0.2927842976225782
389.7897897897898 99.996996996997 0.2923471743495471
390.3903903903904 99.996996996997 0.29112724247624133
390.990990990991 99.996996996997 0.2907006604251174
391.5915915915916 99.996996996997 0.28951727035071156
392.1921921921922 99.996996996997 0.28910127158075694
392.7927927927928 99.996996996997 0.2879539034468363
393.3933933933934 99.996996996997 0.28754851139710924
393.993993993994 99.996996996997 0.28643662545282916
394.5945945945946 99.996996996997 0.2860418456013209
395.1951951951952 99.996996996997 0.28496488353096155
395.7957957957958 99.996996996997 0.28458070408336883
396.3963963963964 99.996996996997 0.2835380903458341
396.996996996997 99.996996996997 0.2831644829499476
397.5975975975976 99.996996996997 0.282155626125324
398.1981981981982 99.996996996997 0.2817925466070542
398.7987987987988 99.996996996997 0.2808168407454677
399.3993993993994 99.996996996997 0.2804642298626005
400.0 99.996996996997 0.27952105583074655
400.6006006006006 99.996996996997 0.2791788400406118
401.20120120120123 99.996996996997 0.2782675668615017
401.8018018018018 99.996996996997 0.27793565909884804
402.4024024024024 99.996996996997 0.27705564528049714
403.003003003003 99.996996996997 0.27673394574199356
403.60360360360363 99.996996996997 0.2758845405909782
404.2042042042042 99.996996996997 0.2755729375229112
404.8048048048048 99.996996996997 0.27475348243893843
405.4054054054054 99.996996996997 0.2744518529248275
406.00600600600603 99.996996996997 0.2736616826726899
406.6066066066066 99.996996996997 0.2733698934177174
407.2072072072072 99.996996996997 0.2726083373732465
407.8078078078078 99.996996996997 0.2723262454825773
408.40840840840843 99.996996996997 0.27159262884945673
409.009009009009 99.996996996997 0.27132008259771057
409.6096096096096 99.996996996997 0.2706137275922654
410.2102102102102 99.996996996997 0.270350567181599
410.81081081081084 99.996996996997 0.2696707941829353
411.4114114114114 99.996996996997 0.26941685248738956
412.012012012012 99.996996996997 0.2687629811505202
412.6126126126126 99.996996996997 0.268518084444488
413.21321321321324 99.996996996997 0.26788943477433985
413.8138138138138 99.996996996997 0.2676534034432111
414.4144144144144 99.996996996997 0.26704929682767026
415.015015015015 99.996996996997 0.2668219460589109
415.61561561561564 99.996996996997 0.2662417062593159
416.2162162162162 99.996996996997 0.2660228467124352
416.8168168168168 99.996996996997 0.2654658008101822
417.4174174174174 99.996996996997 0.26525523926423783
418.01801801801804 99.996996996997 0.2647207185624039
418.6186186186186 99.996996996997 0.2645182585398837
419.2192192192192 99.996996996997 0.26400559941901247
419.8198198198198 99.996996996997 0.26381104178511455
420.42042042042044 99.996996996997 0.26331958651254084
421.021021021021 99.996996996997 0.26313273004905274
421.6216216216216 99.996996996997 0.2626618275413553
422.22222222222223 99.996996996997 0.2624824694945013
422.82282282282284 99.996996996997 0.2620314760328895
423.42342342342346 99.996996996997 0.2618594126346784
424.024024024024 99.996996996997 0.2614276925333118
424.62462462462463 99.996996996997 0.2612627194960675
425.22522522522524 99.996996996997 0.2608496457234963
425.82582582582586 99.996996996997 0.2606915587074028
426.4264264264264 99.996996996997 0.26029651346149046
427.02702702702703 99.996996996997 0.2601451085151125
427.62762762762765 99.996996996997 0.2597674837519674
428.22822822822826 99.996996996997 0.2596225577258357
428.8288288288288 99.996996996997 0.25926175564342485
429.42942942942943 99.996996996997 0.259123106576891
430.03003003003005 99.996996996997 0.2587785400541511
430.63063063063066 99.996996996997 0.25864596753582214
431.2312312312312 99.996996996997 0.2583170605282051
431.83183183183183 99.996996996997 0.25819036603036444
432.43243243243245 99.996996996997 0.2578765539228701
433.03303303303306 99.996996996997 0.25775554111037857
433.6336336336336 99.996996996997 0.25745627102922847
434.23423423423424 99.996996996997 0.257340746043477
434.83483483483485 99.996996996997 0.25705547712766913
435.43543543543547 99.996996996997 0.25694524884622433
436.036036036036 99.996996996997 0.25667345248029233
436.63663663663664 99.996996996997 0.2565683327529337
437.23723723723725 99.996996996997 0.2563094927622956
437.83783783783787 99.996996996997 0.25620929662419745
438.4384384384384 99.996996996997 0.255962909434538
439.03903903903904 99.996996996997 0.25586745529739174
439.63963963963965 99.996996996997 0.2556330300595662
440.24024024024027 99.996996996997 0.2555421398814762
440.8408408408408 99.996996996997 0.2553191985634623
441.44144144144144 99.996996996997 0.2552326979984731
442.04204204204206 99.996996996997 0.2550207754459214
442.64264264264267 99.996996996997 0.254938493974064
443.2432432432432 99.996996996997 0.2547371379410182
443.84384384384384 99.996996996997 0.254658908979772
444.44444444444446 99.996996996997 0.2544676801311384
445.0450450450451 99.996996996997 0.25439334112921846
445.64564564564563 99.996996996997 0.2542118130165693
446.24624624624624 99.996996996997 0.25414120553095443
446.84684684684686 99.996996996997 0.2539689645432415
447.4474474474475 99.996996996997 0.2539019343003571
448.04804804804803 99.996996996997 0.25373857959110413
448.64864864864865 99.996996996997 0.2536749765330691
449.24924924924926 99.996996996997 0.2535201199255941
449.8498498498499 99.996996996997 0.2534597982424335
450.45045045045043 99.996996996997 0.25331306411462884
451.05105105105105 99.996996996997 0.2532558822633402
451.65165165165166 99.996996996997 0.2531169074135121
452.2522522522523 99.996996996997 0.2530627281248599
452.85285285285283 99.996996996997 0.25293116162009793
453.45345345345345 99.996996996997 0.2528798518939888
454.05405405405406 99.996996996997 0.25275535490250034
454.6546546546547 99.996996996997 0.25270678599277435
455.25525525525524 99.996996996997 0.2525890316015794
455.85585585585585 99.996996996997 0.252543078991028
456.45645645645646 99.996996996997 0.2524317520103702
457.0570570570571 99.996996996997 0.25238829537676566
457.65765765765764 99.996996996997 0.2522830921325491
458.25825825825825 99.996996996997 0.25224201530644486
458.85885885885887 99.996996996997 0.2521426434219633
459.4594594594595 99.996996996997 0.25210383433699585
460.06006006006004 99.996996996997 0.2520100125051687
460.66066066066065 99.996996996997 0.2519733631415653
461.26126126126127 99.996996996997 0.2518848208888492
461.8618618618619 99.996996996997 0.2518502272108125
462.4624624624625 99.996996996997 0.25176670465390616
463.06306306306305 99.996996996997 0.2517340665415207
463.66366366366367 99.996996996997 0.2516553141379278
464.2642642642643 99.996996996997 0.2516245353141997
464.8648648648649 99.996996996997 0.251550313607666
465.46546546546546 99.996996996997 0.2515213015612791
466.06606606606607 99.996996996997 0.2514513809230668
466.6666666666667 99.996996996997 0.25142404682740754
467.2672672672673 99.996996996997 0.2513582071943184
467.86786786786786 99.996996996997 0.2513324658232901
468.4684684684685 99.996996996997 0.25127049643329846
469.0690690690691 99.996996996997 0.2512462660744186
469.6696696696697 99.996996996997 0.25118796520072373
470.27027027027026 99.996996996997 0.2511651675659653
470.8708708708709 99.996996996997 0.25111034225022383
471.4714714714715 99.996996996997 0.25108890238503634
472.0720720720721 99.996996996997 0.2510373681704846
472.67267267267266 99.996996996997 0.25101721436139823
473.2732732732733 99.996996996997 0.25096879502652897
473.8738738738739 99.996996996997 0.2509498587077217
474.4744744744745 99.996996996997 0.2509043860011281
475.07507507507506 99.996996996997 0.2508866016603071
475.6756756756757 99.996996996997 0.2508439150372663
476.2762762762763 99.996996996997 0.25082722012118874
476.8768768768769 99.996996996997 0.25078716648250887
477.47747747747746 99.996996996997 0.2507715013024427
478.0780780780781 99.996996996997 0.2507339347360563
478.6786786786787 99.996996996997 0.25071924237345866
479.2792792792793 99.996996996997 0.2506840238992029
479.87987987987987 99.996996996997 0.2506702501118691
480.4804804804805 99.996996996997 0.2506372474298515
481.0810810810811 99.996996996997 0.25062434055876676
481.6816816816817 99.996996996997 0.25059342780168115
482.28228228228227 99.996996996997 0.2505813386787853
482.8828828828829 99.996996996997 0.25055239616850117
483.4834834834835 99.996996996997 0.25054107802555564
484.0840840840841 99.996996996997 0.25051399203427
484.68468468468467 99.996996996997 0.25050340041300106
485.2852852852853 99.996996996997 0.25047806292920954
485.8858858858859 99.996996996997 0.25046815559287827
486.4864864864865 99.996996996997 0.2504444640923889
487.08708708708707 99.996996996997 0.25043520093892413
487.6876876876877 99.996996996997 0.2504130581611069
488.2882882882883 99.996996996997 0.2504044011379236
488.8888888888889 99.996996996997 0.2503837148673596
489.4894894894895 99.996996996997 0.25037562788796264
490.0900900900901 99.996996996997 0.25035631074163156
490.6906906906907 99.996996996997 0.25034875960409914
491.2912912912913 99.996996996997 0.25033072882421453
491.8918918918919 99.996996996997 0.2503236811316352
492.4924924924925 99.996996996997 0.2503068583842162
493.0930930930931 99.996996996997 0.2503002834671447
493.6936936936937 99.996996996997 0.25028459464638847
494.2942942942943 99.996996996997 0.2502784634873727
494.8948948948949 99.996996996997 0.25026383852587203
495.4954954954955 99.996996996997 0.25025812368609107
496.0960960960961 99.996996996997 0.2502444963709205
496.6966966966967 99.996996996997 0.2502391719189664
497.2972972972973 99.996996996997 0.2502264797136431
497.8978978978979 99.996996996997 0.2502215211564686
498.4984984984985 99.996996996997 0.25020970502877593
499.0990990990991 99.996996996997 0.2502050892448195
499.6996996996997 99.996996996997 0.2501940935004689
500.3003003003003 99.996996996997 0.2501897986749635
500.9009009009009 99.996996996997 0.25017957079705166
501.50150150150154 99.996996996997 0.25017557635951554
502.1021021021021 99.996996996997 0.2501660668537238
502.7027027027027 99.996996996997 0.2501623534176233
503.3033033033033 99.996996996997 0.25015351566309457
503.90390390390394 99.996996996997 0.25015006496766534
504.5045045045045 99.996996996997 0.25014185507348036
505.1051051051051 99.996996996997 0.250138649927686
505.7057057057057 99.996996996997 0.2501310265948539
506.30630630630634 99.996996996997 0.250128050823457
506.9069069069069 99.996996996997 0.2501209752123258
507.5075075075075 99.996996996997 0.25011821360404257
508.1081081081081 99.996996996997 0.2501116492070245
508.70870870870874 99.996996996997 0.2501090874647279
509.3093093093093 99.996996996997 0.2501029999842349
509.9099099099099 99.996996996997 0.25010062467717065
510.5105105105105 99.996996996997 0.25009498190864093
511.11111111111114 99.996996996997 0.25009278042661565
511.7117117117117 99.996996996997 0.25008755214651296
512.3123123123123 99.996996996997 0.25008551265601264
512.9129129129129 99.996996996997 0.2500806705146737
513.5135135135135 99.996996996997 0.2500787819168654
514.1141141141142 99.996996996997 0.2500742993360681
514.7147147147148 99.996996996997 0.2500725512266407
515.3153153153153 99.996996996997 0.2500684033017607
515.9159159159159 99.996996996997 0.25006678593255494
516.5165165165165 99.996996996997 0.2500629493391798
517.1171171171171 99.996996996997 0.2500614535815568
517.7177177177177 99.996996996997 0.25005790648642123
518.3183183183183 99.996996996997 0.25005652379632165
518.918918918919 99.996996996997 0.2500532457724291
519.5195195195196 99.996996996997 0.2500519681570682
520.1201201201201 99.996996996997 0.2500489401028627
520.7207207207207 99.996996996997 0.2500477600890112
521.3213213213213 99.996996996997 0.2500449641514625
521.9219219219219 99.996996996997 0.2500438747552606
522.5225225225225 99.996996996997 0.2500412942567265
523.1231231231232 99.996996996997 0.2500402889549792
523.7237237237238 99.996996996997 0.2500379083237108
524.3243243243244 99.996996996997 0.25003698102661137
524.9249249249249 99.996996996997 0.2500347857307659
525.5255255255255 99.996996996997 0.2500339307559951
526.1261261261261 99.996996996997 0.2500319072410247
526.7267267267267 99.996996996997 0.25003111928917643
527.3273273273273 99.996996996997 0.25002925491846045
527.927927927928 99.996996996997 0.2500285290497404
528.5285285285286 99.996996996997 0.2500268120483334
529.1291291291292 99.996996996997 0.25002614366048137
529.7297297297297 99.996996996997 0.25002456306184967
530.3303303303303 99.996996996997 0.25002394786923693
530.9309309309309 99.996996996997 0.25002249346485844
531.5315315315315 99.996996996997 0.25002192747870944
532.1321321321321 99.996996996997 0.25002058977041597
532.7327327327328 99.996996996997 0.25002006928010867
533.3333333333334 99.996996996997 0.2500188394350519
533.933933933934 99.996996996997 0.2500183609904483
534.5345345345345 99.996996996997 0.25001723079857147
535.1351351351351 99.996996996997 0.2500167911933348
535.7357357357357 99.996996996997 0.250015753027239
536.3363363363363 99.996996996997 0.2500153492830915
536.936936936937 99.996996996997 0.25001439606018516
537.5375375375376 99.996996996997 0.2500140254120636
538.1381381381382 99.996996996997 0.25001315055888956
538.7387387387388 99.996996996997 0.2500128104409569
539.3393393393394 99.996996996997 0.25001200785959177
539.9399399399399 99.996996996997 0.250011695892064
540.5405405405405 99.996996996997 0.2500109599284912
541.1411411411411 99.996996996997 0.25001067390524045
541.7417417417417 99.996996996997 0.25000999931959794
542.3423423423424 99.996996996997 0.2500097371964926
542.942942942943 99.996996996997 0.25000911913510404
543.5435435435436 99.996996996997 0.2500088790190497
544.1441441441442 99.996996996997 0.2500083129881457
544.7447447447447 99.996996996997 0.2500080931267921
545.3453453453453 99.996996996997 0.25000757496783726
545.9459459459459 99.996996996997 0.25000737373991494
546.5465465465466 99.996996996997 0.25000689960645495
547.1471471471472 99.996996996997 0.2500067155127111
547.7477477477478 99.996996996997 0.2500062818486597
548.3483483483484 99.996996996997 0.2500061135033599
548.948948948949 99.996996996997 0.25000571702264834
549.5495495495495 99.996996996997 0.2500055631456143
550.1501501501501 99.996996996997 0.2500052008131299
550.7507507507507 99.996996996997 0.2500050602222839
551.3513513513514 99.996996996997 0.2500047292360251
551.951951951952 99.996996996997 0.25000460084041387
552.5525525525526 99.996996996997 0.2500042986147944
553.1531531531532 99.996996996997 0.2500041814080647
553.7537537537538 99.996996996997 0.25000390555830193
554.3543543543543 99.996996996997 0.25000379861260313
554.9549549549549 99.996996996997 0.25000354694012855
555.5555555555555 99.996996996997 0.2500034494004171
556.1561561561562 99.996996996997 0.250003219879248
556.7567567567568 99.996996996997 0.2500031309579722
557.3573573573574 99.996996996997 0.2500029217219896
557.957957957958 99.996996996997 0.25000284069413026
558.5585585585586 99.996996996997 0.2500026500252086
559.1591591591591 99.996996996997 0.2500025762236559
559.7597597597597 99.996996996997 0.25000240254059286
560.3603603603603 99.996996996997 0.2500023353518399
560.960960960961 99.996996996997 0.250002177200037
561.5615615615616 99.996996996997 0.2500021160601691
562.1621621621622 99.996996996997 0.2500019721020177
562.7627627627628 99.996996996997 0.25000191649298165
563.3633633633634 99.996996996997 0.2500017854989091
563.9639639639639 99.996996996997 0.2500017349450437
564.5645645645645 99.996996996997 0.25000161578517777
565.1651651651651 99.996996996997 0.25000156984999033
565.7657657657658 99.996996996997 0.25000146148640295
566.3663663663664 99.996996996997 0.2500014197695762
566.966966966967 99.996996996997 0.2500013212490675
567.5675675675676 99.996996996997 0.25000128338368155
568.1681681681682 99.996996996997 0.2500011938310697
568.7687687687687 99.996996996997 0.25000115948102763
569.3693693693693 99.996996996997 0.250001078092909
569.96996996997 99.996996996997 0.25000104695055086
570.5705705705706 99.996996996997 0.2500009729894997
571.1711711711712 99.996996996997 0.2500009447733939
571.7717717717718 99.996996996997 0.25000087756257033
572.3723723723724 99.996996996997 0.25000085201547173
572.972972972973 99.996996996997 0.2500007909336088
573.5735735735735 99.996996996997 0.25000076782057096
574.1741741741741 99.996996996997 0.25000071229731535
574.7747747747748 99.996996996997 0.2500006914039484
575.3753753753754 99.996996996997 0.2500006409155258
575.975975975976 99.996996996997 0.25000062204639034
576.5765765765766 99.996996996997 0.2500005761115741
577.1771771771772 99.996996996997 0.2500005590887012
577.7777777777778 99.996996996997 0.250000517265059
578.3783783783784 99.996996996997 0.25000050192659024
578.978978978979 99.996996996997 0.2500004638069869
579.5795795795796 99.996996996997 0.2500004500059245
580.1801801801802 99.996996996997 0.2500004152152607
580.7807807807808 99.996996996997 0.2500004028183218
581.3813813813814 99.996996996997 0.2500003710104887
581.981981981982 99.996996996997 0.25000035989705743
582.5825825825826 99.996996996997 0.2500003307520878
583.1831831831832 99.996996996997 0.25000032081325796
583.7837837837837 99.996996996997 0.25000029403465573
584.3843843843844 99.996996996997 0.25000028517235984
584.984984984985 99.996996996997 0.2500002604845911
585.5855855855856 99.996996996997 0.2500002526108089
586.1861861861862 99.996996996997 0.2500002297569383
586.7867867867868 99.996996996997 0.25000022279298173
587.3873873873874 99.996996996997 0.25000020153243735
587.987987987988 99.996996996997 0.2500001954083062
588.5885885885886 99.996996996997 0.25000017551475795
589.1891891891892 99.996996996997 0.250000170168563
589.7897897897898 99.996996996997 0.25000015142790144
590.3903903903904 99.996996996997 0.25000014680535093
590.990990990991 99.996996996997 0.25000012901374963
591.5915915915916 99.996996996997 0.2500001250676968
592.1921921921922 99.996996996997 0.25000010802974576
592.7927927927929 99.996996996997 0.250000104719794
593.3933933933934 99.996996996997 0.2500000882466907
593.993993993994 99.996996996997 0.25000008553885295
594.5945945945946 99.996996996997 0.25000006944663794
595.1951951951952 99.996996996997 0.25000006731304997
595.7957957957958 99.996996996997 0.25000005142087284
596.3963963963964 99.996996996997 0.2500000498395571
596.996996996997 99.996996996997 0.25000003396795967
597.5975975975977 99.996996996997 0.25000003292263934
598.1981981981982 99.996996996997 0.25000001689184503
598.7987987987988 99.996996996997 0.25000001637180586
599.3993993993994 99.996996996997 0.25
600.0 99.996996996997 0.25
